21.0
21.0
20.0
20.5
27.5
24.0
25.5
26.5
24.0
23.5
21.5
21.5
21.5
26.5
21.5
23.5
21.5
21.5
20.5
20.5
18.5
18.0
17.0
24.0
24.0
25.0
24.5
23.0
24.5
23.0
22.5
25.0
23.5
25.0
24.5
23.5
25.0
22.0
22.0
22.0
19.5
20.0
19.5
19.0
24.0
25.0
25.0
24.5
24.5
24.5
23.0
18.0
23.0
25.0
22.5
21.5
22.0
22.0
15.0
16.0
22.0
18.5
21.0
15.5
16.0
31.0
31.0
31.5
31.5
31.5
20.5
21.5
21.5
26.5
25.0
23.0
29.0
26.0
27.5
26.0
26.5
23.0
18.0
15.0
17.5
16.0
16.0
20.5
18.5
22.5
24.0
22.5
22.5
25.0
23.0
21.0
20.0
25.5
25.5
26.0
26.0
24.5
24.5
21.5
22.5
17.5
23.0
19.0
19.0
18.0
21.5
22.5
25.0
32.5
32.5
18.5
24.5
24.5
0.0
21.0
21.0
21.0
20.5
0.0
17.0
17.5
17.0
16.0
31.5
29.5
24.5
29.5
29.5
29.5
20.0
24.5
21.0
26.5
23.5
22.5
22.5
20.5
21.5
17.0
18.0
18.5
0.0
17.0
15.0
30.0
25.5
30.0
25.5
35.0
34.5
40.0
48.5
35.0
28.0
23.0
22.5
63.0
21.5
21.5
19.5
22.5
11.0
31.0
31.0
31.0
30.0
30.0
30.0
23.0
23.0
23.0
22.5
21.5
21.5
19.0
17.0
22.0
22.0
22.0
22.5
20.0
20.0
17.5
19.0
22.0
23.0
20.5
23.0
23.0
20.5
22.0
22.0
19.5
19.5
22.0
21.5
18.5
22.0
17.5
21.0
26.5
23.5
28.5
29.5
29.5
19.0
17.5
28.0
28.0
28.0
14.0
19.5
14.0
24.5
21.5
20.5
17.0
21.0
21.5
21.0
21.5
15.0
21.0
20.5
15.5
23.0
23.0
20.5
20.5
15.5
21.0
21.0
21.0
26.5
17.0
21.5
25.5
25.5
21.5
21.0
23.5
0.0
0.0
28.0
26.0
22.0
22.5
22.0
18.5
23.0
23.0
22.5
22.5
20.0
16.0
23.0
19.5
23.0
23.0
20.0
18.0
13.5
15.5
22.0
20.0
19.5
17.5
16.0
25.0
19.5
21.0
21.0
21.0
20.0
19.5
18.5
22.5
23.5
22.5
32.5
29.5
21.5
24.5
24.5
19.0
0.0
22.0
0.0
22.0
0.0
0.0
0.0
17.0
24.0
23.0
23.0
23.5
23.5
18.5
24.0
24.0
22.5
16.0
18.5
22.5
21.5
31.5
31.5
25.5
16.0
18.5
24.5
28.0
22.5
22.5
0.0
24.5
25.0
25.0
0.0
22.5
21.0
28.5
28.5
32.5
20.5
22.0
20.5
22.0
24.5
22.0
16.0
24.0
25.5
25.0
24.0
24.0
25.0
25.0
30.5
29.0
24.0
30.5
30.5
30.5
30.5
23.5
35.0
33.0
24.5
24.5
25.0
23.5
21.0
24.5
24.5
24.5
22.5
22.5
23.5
28.0
28.0
26.5
26.0
27.5
23.5
20.5
20.0
19.5
25.0
25.0
28.5
25.0
28.5
24.5
24.5
25.0
28.5
36.0
36.0
36.0
36.0
39.0
39.0
21.0
15.0
32.5
29.0
55.0
24.5
15.5
23.0
23.0
24.5
15.5
18.0
27.5
27.5
27.0
25.5
42.0
27.5
27.0
26.5
26.5
22.5
21.5
21.5
0.0
0.0
17.5
23.0
24.5
25.5
23.5
21.5
24.0
23.5
24.0
22.5
25.5
23.5
17.5
